facets: 10 
vertices: 30 

1.00000000000000e+00 0.00000000000000e+00 0.00000000000000e+00 
7.50000000000000e-01 6.00000023841858e-01 3.26794922351837e-01 
7.50000000000000e-01 6.99999988079071e-01 5.00000000000000e-01 
7.50000000000000e-01 4.00000005960464e-01 3.26794922351837e-01 

1.00000000000000e+00 0.00000000000000e+00 0.00000000000000e+00 
7.50000000000000e-01 4.00000005960464e-01 3.26794922351837e-01 
7.50000000000000e-01 6.99999988079071e-01 5.00000000000000e-01 
7.50000000000000e-01 3.00000011920929e-01 5.00000000000000e-01 

1.00000000000000e+00 0.00000000000000e+00 0.00000000000000e+00 
7.50000000000000e-01 3.00000011920929e-01 5.00000000000000e-01 
7.50000000000000e-01 6.99999988079071e-01 5.00000000000000e-01 
7.50000000000000e-01 4.00000005960464e-01 6.73205077648163e-01 

1.00000000000000e+00 -0.00000000000000e+00 0.00000000000000e+00 
7.50000000000000e-01 6.00000023841858e-01 6.73205077648163e-01 
7.50000000000000e-01 4.00000005960464e-01 6.73205077648163e-01 
7.50000000000000e-01 6.99999988079071e-01 5.00000000000000e-01 

-3.27326834201813e-01 -8.18317115306854e-01 4.72455590963364e-01 
2.50000000000000e-01 5.00000000000000e-01 5.00000000000000e-01 
7.50000000000000e-01 3.00000011920929e-01 5.00000000000000e-01 
7.50000000000000e-01 4.00000005960464e-01 6.73205077648163e-01 

-3.27326834201813e-01 0.00000000000000e+00 9.44911181926727e-01 
2.50000000000000e-01 5.00000000000000e-01 5.00000000000000e-01 
7.50000000000000e-01 4.00000005960464e-01 6.73205077648163e-01 
7.50000000000000e-01 6.00000023841858e-01 6.73205077648163e-01 

-3.27326834201813e-01 8.18317174911499e-01 4.72455471754074e-01 
2.50000000000000e-01 5.00000000000000e-01 5.00000000000000e-01 
7.50000000000000e-01 6.00000023841858e-01 6.73205077648163e-01 
7.50000000000000e-01 6.99999988079071e-01 5.00000000000000e-01 

-3.27326834201813e-01 8.18317174911499e-01 -4.72455471754074e-01 
2.50000000000000e-01 5.00000000000000e-01 5.00000000000000e-01 
7.50000000000000e-01 6.99999988079071e-01 5.00000000000000e-01 
7.50000000000000e-01 6.00000023841858e-01 3.26794922351837e-01 

-3.27326834201813e-01 -0.00000000000000e+00 -9.44911181926727e-01 
2.50000000000000e-01 5.00000000000000e-01 5.00000000000000e-01 
7.50000000000000e-01 6.00000023841858e-01 3.26794922351837e-01 
7.50000000000000e-01 4.00000005960464e-01 3.26794922351837e-01 

-3.27326834201813e-01 -8.18317115306854e-01 -4.72455590963364e-01 
2.50000000000000e-01 5.00000000000000e-01 5.00000000000000e-01 
7.50000000000000e-01 4.00000005960464e-01 3.26794922351837e-01 
7.50000000000000e-01 3.00000011920929e-01 5.00000000000000e-01 

