0.0 1.0 1.0 0.0 
0.002004008016032064 1.0 1.0 0.0 
0.004008016032064128 1.0 1.0 0.0 
0.0060120240480961915 1.0 1.0 0.0 
0.008016032064128256 1.0 1.0 0.0 
0.01002004008016032 1.0 1.0 0.0 
0.012024048096192383 1.0 1.0 0.0 
0.014028056112224447 1.0 1.0 0.0 
0.01603206412825651 1.0 1.0 0.0 
0.018036072144288574 1.0 1.0 0.0 
0.02004008016032064 1.0 1.0 0.0 
0.022044088176352703 1.0 1.0 0.0 
0.024048096192384766 1.0 1.0 0.0 
0.026052104208416832 1.0 1.0 0.0 
0.028056112224448895 1.0 1.0 0.0 
0.03006012024048096 1.0 1.0 0.0 
0.03206412825651302 1.0 1.0 0.0 
0.03406813627254509 1.0 1.0 0.0 
0.03607214428857715 1.0 1.0 0.0 
0.038076152304609215 1.0 1.0 0.0 
0.04008016032064128 1.0 1.0 0.0 
0.04208416833667334 1.0 1.0 0.0 
0.044088176352705406 1.0 1.0 0.0 
0.04609218436873747 1.0 1.0 0.0 
0.04809619238476953 1.0 1.0 0.0 
0.0501002004008016 1.0 1.0 0.0 
0.052104208416833664 1.0 1.0 0.0 
0.05410821643286573 1.0 1.0 0.0 
0.05611222444889779 1.0 1.0 0.0 
0.058116232464929855 1.0 1.0 0.0 
0.06012024048096192 1.0 1.0 0.0 
0.06212424849699398 1.0 1.0 0.0 
0.06412825651302605 1.0 1.0 0.0 
0.06613226452905811 1.0 1.0 0.0 
0.06813627254509018 1.0 1.0 0.0 
0.07014028056112225 1.0 1.0 0.0 
0.0721442885771543 1.0 1.0 0.0 
0.07414829659318636 1.0 1.0 0.0 
0.07615230460921843 1.0 1.0 0.0 
0.0781563126252505 1.0 1.0 0.0 
0.08016032064128256 1.0 1.0 0.0 
0.08216432865731463 1.0 1.0 0.0 
0.08416833667334668 1.0 1.0 0.0 
0.08617234468937875 1.0 1.0 0.0 
0.08817635270541081 1.0 1.0 0.0 
0.09018036072144288 1.0 1.0 0.0 
0.09218436873747494 1.0 1.0 0.0 
0.09418837675350701 1.0 1.0 0.0 
0.09619238476953906 1.0 1.0 0.0 
0.09819639278557113 1.0 1.0 0.0 
0.1002004008016032 1.0 1.0 0.0 
0.10220440881763526 1.0 1.0 0.0 
0.10420841683366733 1.0 1.0 0.0 
0.1062124248496994 1.0 1.0 0.0 
0.10821643286573146 1.0 1.0 0.0 
0.11022044088176351 1.0 1.0 0.0 
0.11222444889779558 1.0 1.0 0.0 
0.11422845691382764 1.0 1.0 0.0 
0.11623246492985971 1.0 1.0 0.0 
0.11823647294589178 1.0 1.0 0.0 
0.12024048096192384 1.0 1.0 0.0 
0.1222444889779559 1.0 1.0 0.0 
0.12424849699398796 1.0 1.0 0.0 
0.12625250501002003 1.0 1.0 0.0 
0.1282565130260521 1.0 1.0 0.0 
0.13026052104208416 1.0 1.0 0.0 
0.13226452905811623 1.0 1.0 0.0 
0.1342685370741483 1.0 1.0 0.0 
0.13627254509018036 1.0 1.0 0.0 
0.13827655310621242 1.0 1.0 0.0 
0.1402805611222445 1.0 1.0 0.0 
0.14228456913827653 1.0 1.0 0.0 
0.1442885771543086 1.0 1.0 0.0 
0.14629258517034066 1.0 1.0 0.0 
0.14829659318637273 1.0 1.0 0.0 
0.1503006012024048 1.0 1.0 0.0 
0.15230460921843686 1.0 1.0 0.0 
0.15430861723446893 1.0 1.0 0.0 
0.156312625250501 1.0 1.0 0.0 
0.15831663326653306 1.0 1.0 0.0 
0.16032064128256512 1.0 1.0 0.0 
0.1623246492985972 1.0 1.0 0.0 
0.16432865731462926 1.0 1.0 0.0 
0.16633266533066132 1.0 1.0 0.0 
0.16833667334669336 1.0 1.0 0.0 
0.17034068136272543 1.0 1.0 0.0 
0.1723446893787575 1.0 1.0 0.0 
0.17434869739478956 1.0 1.0 0.0 
0.17635270541082163 1.0 1.0 0.0 
0.1783567134268537 1.0 1.0 0.0 
0.18036072144288576 1.0 1.0 0.0 
0.18236472945891782 1.0 1.0 0.0 
0.1843687374749499 1.0 1.0 0.0 
0.18637274549098196 1.0 1.0 0.0 
0.18837675350701402 1.0 1.0 0.0 
0.1903807615230461 1.0 1.0 0.0 
0.19238476953907813 1.0 1.0 0.0 
0.1943887775551102 1.0 1.0 0.0 
0.19639278557114226 1.0 1.0 0.0 
0.19839679358717432 1.0 1.0 0.0 
0.2004008016032064 1.0 1.0 0.0 
0.20240480961923846 1.0 1.0 0.0 
0.20440881763527052 1.0 1.0 0.0 
0.2064128256513026 1.0 1.0 0.0 
0.20841683366733466 1.0 1.0 0.0 
0.21042084168336672 1.0 1.0 0.0 
0.2124248496993988 1.0 1.0 0.0 
0.21442885771543085 1.0 1.0 0.0 
0.21643286573146292 1.0 1.0 0.0 
0.21843687374749496 1.0 1.0 0.0 
0.22044088176352702 1.0 1.0 0.0 
0.2224448897795591 1.0 1.0 0.0 
0.22444889779559116 1.0 1.0 0.0 
0.22645290581162322 1.0 1.0 0.0 
0.2284569138276553 1.0 1.0 0.0 
0.23046092184368736 1.0 1.0 0.0 
0.23246492985971942 1.0 1.0 0.0 
0.2344689378757515 1.0 1.0 0.0 
0.23647294589178355 1.0 1.0 0.0 
0.23847695390781562 1.0 1.0 0.0 
0.24048096192384769 1.0 1.0 0.0 
0.24248496993987975 1.0 1.0 0.0 
0.2444889779559118 1.0 1.0 0.0 
0.24649298597194386 1.0 1.0 0.0 
0.24849699398797592 1.0 1.0 0.0 
0.250501002004008 1.0 1.0 0.0 
0.25250501002004005 1.0 1.0 0.0 
0.2545090180360721 1.0 1.0 0.0 
0.2565130260521042 1.0 1.0 0.0 
0.25851703406813625 1.0 1.0 0.0 
0.2605210420841683 1.0 1.0 0.0 
0.2625250501002004 1.0 1.0 0.0 
0.26452905811623245 0.9958787623462758 0.9942350268990696 0.004884372667571246 
0.2665330661322645 0.9888648162969493 0.9844455383285486 0.013234406067704948 
0.2685370741482966 0.981890445251508 0.9747387860484285 0.021584439467838466 
0.27054108216432865 0.974955481501771 0.9651141865281694 0.029934472867972167 
0.2725450901803607 0.968059757814029 0.9555711595343512 0.038284506268105686 
0.2745490981963928 0.9612031074283734 0.9461091281166829 0.04663453966823938 
0.27655310621242485 0.9543853640580219 0.9367275185940461 0.0549845730683729 
0.2785571142284569 0.947606361888649 0.9274257605405877 0.06333460646850661 
0.280561122244489 0.9408659355777127 0.9182032867718428 0.07168463986864013 
0.282565130260521 0.9341639202537825 0.9090595333309027 0.08003467326877345 
0.28456913827655306 0.927500151515866 0.8999939394746179 0.08838470666890716 
0.2865731462925851 0.9208744654327389 0.8910059476598466 0.09673474006904068 
0.2885771543086172 0.9142866985422725 0.8820950035297377 0.10508477346917437 
0.29058116232464926 0.9077366878507591 0.8732605559000511 0.11343480686930789 
0.2925851703406813 0.9012242708322435 0.8645020567455259 0.12178484026944159 
0.2945891783567134 0.8947492854278483 0.8558189611862784 0.1301348736695751 
0.29659318637274545 0.8883115700451029 0.8472107274742442 0.1384849070697088 
0.2985971943887775 0.8819109635572712 0.8386768169796585 0.14683494046984233 
0.3006012024048096 0.8755473053026783 0.8302166941775725 0.15518497386997593 
0.30260521042084165 0.8692204350840406 0.8218298266344154 0.16353500727010956 
0.3046092184368737 0.8629301931677924 0.8135156849945887 0.17188504067024316 
0.3066132264529058 0.8566764202834126 0.8052737429671 0.18023507407037676 
0.30861723446893785 0.8504589576227551 0.7971034773122406 0.18858510747051038 
0.3106212424849699 0.8442776468393752 0.7890043678282969 0.19693514087064398 
0.312625250501002 0.8381323300478573 0.7809758973383009 0.20528517427077758 
0.31462925851703405 0.8320228498231437 0.7730175516768224 0.2136352076709112 
0.3166332665330661 0.8259490491998607 0.7651288196767947 0.2219852410710448 
0.3186372745490982 0.8199107716716488 0.7573091931563849 0.2303352744711784 
0.32064128256513025 0.8139078611904892 0.7495581669058973 0.23868530787131204 
0.3226452905811623 0.8079401621660323 0.7418752386747184 0.24703534127144564 
0.3246492985971944 0.8020075194649238 0.7342599091582969 0.25538537467157923 
0.32665330661322645 0.7961097784101352 0.726711681985167 0.26373540807171286 
0.3286573146292585 0.7902467847802904 0.7192300637040049 0.2720854414718465 
0.3306613226452906 0.7844183848089936 0.7118145637707268 0.28043547487198006 
0.33266533066132264 0.7786244251841562 0.7044646945356211 0.2887855082721137 
0.33466933867735466 0.7728647530473265 0.6971799712305244 0.2971355416722471 
0.3366733466933867 0.7671392159930169 0.6899599119560303 0.3054855750723807 
0.3386773547094188 0.7614476620680316 0.682804037668739 0.31383560847251435 
0.34068136272545085 0.7557899397707932 0.6757118721685409 0.3221856418726479 
0.3426853707414829 0.7501658980506734 0.6686829420859451 0.33053567527278155 
0.344689378757515 0.7445753863073186 0.6617167768694389 0.3388857086729152 
0.34669338677354705 0.7390182543899789 0.6548129087728876 0.34723574207304875 
0.3486973947895791 0.7334943525968345 0.6479708728429706 0.3555857754731824 
0.3507014028056112 0.7280035316743257 0.6411902069066594 0.363935808873316 
0.35270541082164325 0.7225456428164795 0.6344704515587268 0.3722858422734496 
0.3547094188376753 0.7171205376642378 0.627811150149299 0.3806358756735832 
0.3567134268537074 0.711728068304784 0.6212118487714394 0.38898590907371683 
0.35871743486973945 0.7063680872708733 0.6146720962487771 0.3973359424738504 
0.3607214428857715 0.7010404475401589 0.6081914441231663 0.40568597587398403 
0.3627254509018036 0.6957450025345202 0.6017694466423855 0.41403600927411766 
0.36472945891783565 0.6904816061193911 0.5954056607478746 0.4223860426742512 
0.3667334669338677 0.6852501126030863 0.5890996460625061 0.43073607607438485 
0.3687374749498998 0.6800503767361317 0.5828509648783979 0.4390861094745185 
0.37074148296593185 0.6748822537105903 0.5766591821447593 0.44743614287465205 
0.3727454909819639 0.6697455991593912 0.5705238654557757 0.4557861762747857 
0.374749498997996 0.6646402691556561 0.5644445850385282 0.4641362096749193 
0.37675350701402804 0.6595661202120287 0.5584209137409543 0.4724862430750529 
0.3787575150300601 0.654523009280002 0.5524524270198404 0.4808362764751865 
0.3807615230460922 0.6495107937492461 0.546538702928855 0.48918630987532014 
0.38276553106212424 0.6445293314469354 0.540679322106614 0.4975363432754537 
0.38476953907815625 0.6395784806370778 0.534873867764789 0.5058863766755871 
0.3867735470941883 0.6346581000198421 0.5291219256762466 0.5142364100757206 
0.3887775551102204 0.6297680487308847 0.5234230841632256 0.5225864434758543 
0.39078156312625245 0.6249081863406794 0.5177769340855526 0.5309364768759879 
0.3927855711422845 0.620078372853844 0.5121830688288923 0.5392865102761215 
0.3947895791583166 0.6152784687084689 0.5066410842930342 0.5476365436762551 
0.39679358717434865 0.6105083347754434 0.5011505788802145 0.5559865770763888 
0.3987975951903807 0.6057678323577861 0.49571115348347794 0.5643366104765223 
0.4008016032064128 0.6010568231899706 0.49032241147507166 0.5726866438766559 
0.40280561122244485 0.5963751694372544 0.4849839586948774 0.5810366772767895 
0.4048096192384769 0.5917227336950072 0.47969540343887945 0.5893867106769232 
0.406813627254509 0.5870993789880367 0.47445635644766654 0.5977367440770568 
0.40881763527054105 0.582504968769919 0.46926643089497416 0.6060867774771904 
0.4108216432865731 0.5779393669223255 0.4641252423762588 0.6144368108773239 
0.4128256513026052 0.5734024377543496 0.4590324088973078 0.6227868442774576 
0.41482965931863724 0.5688940460018366 0.45398755086288906 0.6311368776775912 
0.4168336673346693 0.5644140568267102 0.448990291065432 0.6394869110777248 
0.4188376753507014 0.5599623358163008 0.44404025467374647 0.6478369444778584 
0.42084168336673344 0.5555387489826734 0.43913706922177687 0.6561869778779921 
0.4228456913827655 0.5511431627619557 0.4342803645973918 0.6645370112781256 
0.4248496993987976 0.5467754440136646 0.42946977303120765 0.6728870446782592 
0.42685370741482964 0.5424354600200363 0.42470492908545154 0.6812370780783928 
0.4288577154308617 0.5381230784853529 0.4199854696428557 0.6895871114785265 
0.4308617234468938 0.5338381675352694 0.41531103389558766 0.6979371448786601 
0.43286573146292584 0.5295805957161434 0.4106812633342186 0.7062871782787937 
0.4348697394789579 0.5253502319943623 0.4060958017367239 0.7146372116789272 
0.4368737474949899 0.5211469457556708 0.40155429515752006 0.7229872450790608 
0.438877755511022 0.5169706068044982 0.3970563919165355 0.7313372784791943 
0.44088176352705405 0.5128210853632882 0.3926017425883193 0.7396873118793279 
0.4428857715430861 0.5086982520718254 0.38818999999118203 0.7480373452794614 
0.4448897795591182 0.5046019779865625 0.38382081917637134 0.7563873786795952 
0.44689378757515025 0.5005321345799498 0.3794938574172858 0.7647374120797287 
0.4488977955911823 0.4964885937397625 0.37520877419871973 0.7730874454798624 
0.4509018036072144 0.49247122776842805 0.3709652312061448 0.7814374788799959 
0.45290581162324645 0.48847990938235447 0.36676289231502585 0.7897875122801296 
0.4549098196392785 0.48451451171125837 0.3626014235801717 0.7981375456802631 
0.4569138276553106 0.48057490829749183 0.3584804932251188 0.8064875790803968 
0.45891783567134264 0.4766609730953717 0.354399771631553 0.8148376124805303 
0.4609218436873747 0.4727725804705068 0.3503589313287619 0.8231876458806641 
0.4629258517034068 0.4689096051991258 0.3463576469831243 0.8315376792807976 
0.46492985971943884 0.4650719224674043 0.3423955953876318 0.8398877126809312 
0.4669338677354709 0.46125940787079445 0.33847245545144744 0.8482377460810647 
0.468937875751503 0.4574719374133514 0.33458790818949596 0.8565877794811985 
0.47094188376753504 0.4537093875070621 0.3307416367120902 0.864937812881332 
0.4729458917835671 0.4499716349711716 0.3269333262145893 0.8732878462814657 
0.4749498997995992 0.44625855703151307 0.32316266396709425 0.8816378796815992 
0.47695390781563124 0.44257003131983425 0.3194293393041745 0.8899879130817329 
0.4789579158316633 0.43890593587312604 0.3157330436146305 0.8983379464818664 
0.48096192384769537 0.4352661491329491 0.3120734703312878 0.9066879798820001 
0.48296593186372744 0.4316505499447635 0.30845031492082847 0.9150380132821336 
0.4849699398797595 0.4280590175572555 0.3048632748736534 0.9233880466822674 
0.48697394789579157 0.42631942817849544 0.30313017805064707 0.9274526200489506 
0.4889779559118236 0.42631942817849544 0.30313017805064707 0.9274526200489506 
0.49098196392785565 0.42631942817849544 0.30313017805064707 0.9274526200489506 
0.4929859719438877 0.42631942817849544 0.30313017805064707 0.9274526200489506 
0.4949899799599198 0.42631942817849544 0.30313017805064707 0.9274526200489506 
0.49699398797595185 0.42631942817849544 0.30313017805064707 0.9274526200489506 
0.4989979959919839 0.42631942817849544 0.30313017805064707 0.9274526200489506 
0.501002004008016 0.42631942817849544 0.30313017805064707 0.9274526200489506 
0.503006012024048 0.42631942817849544 0.30313017805064707 0.9274526200489506 
0.5050100200400801 0.42631942817849544 0.30313017805064707 0.9274526200489506 
0.5070140280561122 0.42631942817849544 0.30313017805064707 0.9274526200489506 
0.5090180360721442 0.42631942817849544 0.30313017805064707 0.9274526200489506 
0.5110220440881763 0.42631942817849544 0.30313017805064707 0.9274526200489506 
0.5130260521042084 0.42631942817849544 0.30313017805064707 0.9274526200489506 
0.5150300601202404 0.42631942817849544 0.30313017805064707 0.9274526200489506 
0.5170340681362725 0.42631942817849544 0.30313017805064707 0.9274526200489506 
0.5190380761523046 0.42631942817849544 0.30313017805064707 0.9274526200489506 
0.5210420841683366 0.42631942817849544 0.30313017805064707 0.9274526200489506 
0.5230460921843687 0.42631942817849544 0.30313017805064707 0.9274526200489506 
0.5250501002004008 0.42631942817849544 0.30313017805064707 0.9274526200489506 
0.5270541082164328 0.42631942817849544 0.30313017805064707 0.9274526200489506 
0.5290581162324649 0.42631942817849544 0.30313017805064707 0.9274526200489506 
0.531062124248497 0.42631942817849544 0.30313017805064707 0.9274526200489506 
0.533066132264529 0.42631942817849544 0.30313017805064707 0.9274526200489506 
0.5350701402805611 0.42631942817849544 0.30313017805064707 0.9274526200489506 
0.5370741482965932 0.42631942817849544 0.30313017805064707 0.9274526200489506 
0.5390781563126252 0.42631942817849544 0.30313017805064707 0.9274526200489506 
0.5410821643286573 0.42631942817849544 0.30313017805064707 0.9274526200489506 
0.5430861723446894 0.42631942817849544 0.30313017805064707 0.9274526200489506 
0.5450901803607214 0.42631942817849544 0.30313017805064707 0.9274526200489506 
0.5470941883767535 0.42631942817849544 0.30313017805064707 0.9274526200489506 
0.5490981963927856 0.42631942817849544 0.30313017805064707 0.9274526200489506 
0.5511022044088176 0.42631942817849544 0.30313017805064707 0.9274526200489506 
0.5531062124248497 0.42631942817849544 0.30313017805064707 0.9274526200489506 
0.5551102204408818 0.42631942817849544 0.30313017805064707 0.9274526200489506 
0.5571142284569138 0.42631942817849544 0.30313017805064707 0.9274526200489506 
0.5591182364729459 0.42631942817849544 0.30313017805064707 0.9274526200489506 
0.561122244488978 0.42631942817849544 0.30313017805064707 0.9274526200489506 
0.56312625250501 0.42631942817849544 0.30313017805064707 0.9274526200489506 
0.565130260521042 0.42631942817849544 0.30313017805064707 0.9274526200489506 
0.567134268537074 0.42631942817849544 0.30313017805064707 0.9274526200489506 
0.5691382765531061 0.42631942817849544 0.30313017805064707 0.9274526200489506 
0.5711422845691382 0.42631942817849544 0.30313017805064707 0.9274526200489506 
0.5731462925851702 0.42631942817849544 0.30313017805064707 0.9274526200489506 
0.5751503006012023 0.42631942817849544 0.30313017805064707 0.9274526200489506 
0.5771543086172344 0.42631942817849544 0.30313017805064707 0.9274526200489506 
0.5791583166332664 0.42631942817849544 0.30313017805064707 0.9274526200489506 
0.5811623246492985 0.42631942817849544 0.30313017805064707 0.9274526200489506 
0.5831663326653306 0.42631942817849544 0.30313017805064707 0.9274526200489506 
0.5851703406813626 0.42631942817849544 0.30313017805064707 0.9274526200489506 
0.5871743486973947 0.42631942817849544 0.30313017805064707 0.9274526200489506 
0.5891783567134268 0.42631942817849544 0.30313017805064707 0.9274526200489506 
0.5911823647294588 0.42631942817849544 0.30313017805064707 0.9274526200489506 
0.5931863727454909 0.42631942817849544 0.30313017805064707 0.9274526200489506 
0.595190380761523 0.42631942817849544 0.30313017805064707 0.9274526200489506 
0.597194388777555 0.42631942817849544 0.30313017805064707 0.9274526200489506 
0.5991983967935871 0.42631942817849544 0.30313017805064707 0.9274526200489506 
0.6012024048096192 0.42631942817849544 0.30313017805064707 0.9274526200489506 
0.6032064128256512 0.42631942817849544 0.30313017805064707 0.9274526200489506 
0.6052104208416833 0.42631942817849544 0.30313017805064707 0.9274526200489506 
0.6072144288577154 0.42631942817849544 0.30313017805064707 0.9274526200489506 
0.6092184368737474 0.42631942817849544 0.30313017805064707 0.9274526200489506 
0.6112224448897795 0.42631942817849544 0.30313017805064707 0.9274526200489506 
0.6132264529058116 0.42631942817849544 0.30313017805064707 0.9274526200489506 
0.6152304609218436 0.42631942817849544 0.30313017805064707 0.9274526200489506 
0.6172344689378757 0.42631942817849544 0.30313017805064707 0.9274526200489506 
0.6192384769539078 0.42631942817849544 0.30313017805064707 0.9274526200489506 
0.6212424849699398 0.42631942817849544 0.30313017805064707 0.9274526200489506 
0.6232464929859719 0.42631942817849544 0.30313017805064707 0.9274526200489506 
0.625250501002004 0.42631942817849544 0.30313017805064707 0.9274526200489506 
0.627254509018036 0.42631942817849544 0.30313017805064707 0.9274526200489506 
0.6292585170340681 0.42631942817849544 0.30313017805064707 0.9274526200489506 
0.6312625250501002 0.42631942817849544 0.30313017805064707 0.9274526200489506 
0.6332665330661322 0.42631942817849544 0.30313017805064707 0.9274526200489506 
0.6352705410821643 0.42631942817849544 0.30313017805064707 0.9274526200489506 
0.6372745490981964 0.42631942817849544 0.30313017805064707 0.9274526200489506 
0.6392785571142284 0.42631942817849544 0.30313017805064707 0.9274526200489506 
0.6412825651302605 0.42631942817849544 0.30313017805064707 0.9274526200489506 
0.6432865731462926 0.42631942817849544 0.30313017805064707 0.9274526200489506 
0.6452905811623246 0.42631942817849544 0.30313017805064707 0.9274526200489506 
0.6472945891783567 0.42631942817849544 0.30313017805064707 0.9274526200489506 
0.6492985971943888 0.42631942817849544 0.30313017805064707 0.9274526200489506 
0.6513026052104208 0.42631942817849544 0.30313017805064707 0.9274526200489506 
0.6533066132264529 0.42631942817849544 0.30313017805064707 0.9274526200489506 
0.655310621242485 0.42631942817849544 0.30313017805064707 0.9274526200489506 
0.657314629258517 0.42631942817849544 0.30313017805064707 0.9274526200489506 
0.6593186372745491 0.42631942817849544 0.30313017805064707 0.9274526200489506 
0.6613226452905812 0.42631942817849544 0.30313017805064707 0.9274526200489506 
0.6633266533066132 0.42631942817849544 0.30313017805064707 0.9274526200489506 
0.6653306613226453 0.42631942817849544 0.30313017805064707 0.9274526200489506 
0.6673346693386772 0.42631942817849544 0.30313017805064707 0.9274526200489506 
0.6693386773547093 0.42631942817849544 0.30313017805064707 0.9274526200489506 
0.6713426853707414 0.42631942817849544 0.30313017805064707 0.9274526200489506 
0.6733466933867734 0.42631942817849544 0.30313017805064707 0.9274526200489506 
0.6753507014028055 0.42631942817849544 0.30313017805064707 0.9274526200489506 
0.6773547094188376 0.42631942817849544 0.30313017805064707 0.9274526200489506 
0.6793587174348696 0.42631942817849544 0.30313017805064707 0.9274526200489506 
0.6813627254509017 0.42631942817849544 0.30313017805064707 0.9274526200489506 
0.6833667334669338 0.42631942817849544 0.30313017805064707 0.9274526200489506 
0.6853707414829658 0.42631942817849544 0.30313017805064707 0.9274526200489506 
0.6873747494989979 0.26557371170530725 0.30313017805064707 0.9274526200489506 
0.68937875751503 0.26557371170530725 0.30313017805064707 0.9274526200489506 
0.691382765531062 0.26557371170530725 0.30313017805064707 0.9274526200489506 
0.6933867735470941 0.26557371170530725 0.30313017805064707 0.9274526200489506 
0.6953907815631262 0.26557371170530725 0.30313017805064707 0.9274526200489506 
0.6973947895791582 0.26557371170530725 0.30313017805064707 0.9274526200489506 
0.6993987975951903 0.26557371170530725 0.30313017805064707 0.9274526200489506 
0.7014028056112224 0.26557371170530725 0.30313017805064707 0.9274526200489506 
0.7034068136272544 0.26557371170530725 0.30313017805064707 0.9274526200489506 
0.7054108216432865 0.26557371170530725 0.30313017805064707 0.9274526200489506 
0.7074148296593186 0.26557371170530725 0.30313017805064707 0.9274526200489506 
0.7094188376753506 0.26557371170530725 0.30313017805064707 0.9274526200489506 
0.7114228456913827 0.26557371170530725 0.30313017805064707 0.9274526200489506 
0.7134268537074148 0.26557371170530725 0.30313017805064707 0.9274526200489506 
0.7154308617234468 0.26557371170530725 0.30313017805064707 0.9274526200489506 
0.7174348697394789 0.26557371170530725 0.30313017805064707 0.9274526200489506 
0.719438877755511 0.26557371170530725 0.30313017805064707 0.9274526200489506 
0.721442885771543 0.26557371170530725 0.30313017805064707 0.9274526200489506 
0.7234468937875751 0.26557371170530725 0.30313017805064707 0.9274526200489506 
0.7254509018036072 0.26557371170530725 0.30313017805064707 0.9274526200489506 
0.7274549098196392 0.26557371170530725 0.30313017805064707 0.9274526200489506 
0.7294589178356713 0.26557371170530725 0.30313017805064707 0.9274526200489506 
0.7314629258517034 0.26557371170530725 0.30313017805064707 0.9274526200489506 
0.7334669338677354 0.26557371170530725 0.30313017805064707 0.9274526200489506 
0.7354709418837675 0.26557371170530725 0.30313017805064707 0.9274526200489506 
0.7374749498997996 0.26557371170530725 0.30313017805064707 0.9274526200489506 
0.7394789579158316 0.26557371170530725 0.30313017805064707 0.9274526200489506 
0.7414829659318637 0.26557371170530725 0.30313017805064707 0.9274526200489506 
0.7434869739478958 0.26557371170530725 0.30313017805064707 0.9274526200489506 
0.7454909819639278 0.26557371170530725 0.30313017805064707 0.9274526200489506 
0.7474949899799599 0.26557371170530725 0.30313017805064707 0.9274526200489506 
0.749498997995992 0.26557371170530725 0.30313017805064707 0.9274526200489506 
0.751503006012024 0.26557371170530725 0.30313017805064707 0.9274526200489506 
0.7535070140280561 0.26557371170530725 0.30313017805064707 0.9274526200489506 
0.7555110220440882 0.26557371170530725 0.30313017805064707 0.9274526200489506 
0.7575150300601202 0.26557371170530725 0.30313017805064707 0.9274526200489506 
0.7595190380761523 0.26557371170530725 0.30313017805064707 0.9274526200489506 
0.7615230460921844 0.26557371170530725 0.30313017805064707 0.9274526200489506 
0.7635270541082164 0.26557371170530725 0.30313017805064707 0.9274526200489506 
0.7655310621242485 0.26557371170530725 0.30313017805064707 0.9274526200489506 
0.7675350701402806 0.26557371170530725 0.30313017805064707 0.9274526200489506 
0.7695390781563125 0.26557371170530725 0.30313017805064707 0.9274526200489506 
0.7715430861723446 0.26557371170530725 0.30313017805064707 0.9274526200489506 
0.7735470941883766 0.26557371170530725 0.30313017805064707 0.9274526200489506 
0.7755511022044087 0.26557371170530725 0.30313017805064707 0.9274526200489506 
0.7775551102204408 0.26557371170530725 0.30313017805064707 0.9274526200489506 
0.7795591182364728 0.26557371170530725 0.30313017805064707 0.9274526200489506 
0.7815631262525049 0.26557371170530725 0.30313017805064707 0.9274526200489506 
0.783567134268537 0.26557371170530725 0.30313017805064707 0.9274526200489506 
0.785571142284569 0.26557371170530725 0.30313017805064707 0.9274526200489506 
0.7875751503006011 0.26557371170530725 0.30313017805064707 0.9274526200489506 
0.7895791583166332 0.26557371170530725 0.30313017805064707 0.9274526200489506 
0.7915831663326652 0.26557371170530725 0.30313017805064707 0.9274526200489506 
0.7935871743486973 0.26557371170530725 0.30313017805064707 0.9274526200489506 
0.7955911823647294 0.26557371170530725 0.30313017805064707 0.9274526200489506 
0.7975951903807614 0.26557371170530725 0.30313017805064707 0.9274526200489506 
0.7995991983967935 0.26557371170530725 0.30313017805064707 0.9274526200489506 
0.8016032064128256 0.26557371170530725 0.30313017805064707 0.9274526200489506 
0.8036072144288576 0.26557371170530725 0.30313017805064707 0.9274526200489506 
0.8056112224448897 0.26557371170530725 0.30313017805064707 0.9274526200489506 
0.8076152304609218 0.26557371170530725 0.30313017805064707 0.9274526200489506 
0.8096192384769538 0.26557371170530725 0.30313017805064707 0.9274526200489506 
0.8116232464929859 0.26557371170530725 0.30313017805064707 0.9274526200489506 
0.813627254509018 0.26557371170530725 0.30313017805064707 0.9274526200489506 
0.81563126252505 0.26557371170530725 0.30313017805064707 0.9274526200489506 
0.8176352705410821 0.26557371170530725 0.30313017805064707 0.9274526200489506 
0.8196392785571142 0.26557371170530725 0.30313017805064707 0.9274526200489506 
0.8216432865731462 0.26557371170530725 0.30313017805064707 0.9274526200489506 
0.8236472945891783 0.26557371170530725 0.30313017805064707 0.9274526200489506 
0.8256513026052104 0.26557371170530725 0.30313017805064707 0.9274526200489506 
0.8276553106212424 0.26557371170530725 0.30313017805064707 0.9274526200489506 
0.8296593186372745 0.26557371170530725 0.30313017805064707 0.9274526200489506 
0.8316633266533066 0.26557371170530725 0.30313017805064707 0.9274526200489506 
0.8336673346693386 0.26557371170530725 0.30313017805064707 0.9274526200489506 
0.8356713426853707 0.26557371170530725 0.30313017805064707 0.9274526200489506 
0.8376753507014028 0.26557371170530725 0.30313017805064707 0.9274526200489506 
0.8396793587174348 0.26557371170530725 0.30313017805064707 0.9274526200489506 
0.8416833667334669 0.26557371170530725 0.30313017805064707 0.9274526200489506 
0.843687374749499 0.26557371170530725 0.30313017805064707 0.9274526200489506 
0.845691382765531 0.26557371170530725 0.30313017805064707 0.9274526200489506 
0.8476953907815631 0.26557371170530725 0.30313017805064707 0.9274526200489506 
0.8496993987975952 0.26557371170530725 0.30313017805064707 0.9274526200489506 
0.8517034068136272 0.125 0.1 0.0 
0.8537074148296593 0.125 0.1 0.0 
0.8557114228456913 0.125 0.1 0.0 
0.8577154308617234 0.125 0.1 0.0 
0.8597194388777555 0.125 0.1 0.0 
0.8617234468937875 0.125 0.1 0.0 
0.8637274549098196 0.125 0.1 0.0 
0.8657314629258517 0.125 0.1 0.0 
0.8677354709418837 0.125 0.1 0.0 
0.8697394789579158 0.125 0.1 0.0 
0.8717434869739479 0.125 0.1 0.0 
0.8737474949899798 0.125 0.1 0.0 
0.8757515030060119 0.125 0.1 0.0 
0.877755511022044 0.125 0.1 0.0 
0.879759519038076 0.125 0.1 0.0 
0.8817635270541081 0.125 0.1 0.0 
0.8837675350701402 0.125 0.1 0.0 
0.8857715430861722 0.125 0.1 0.0 
0.8877755511022043 0.125 0.1 0.0 
0.8897795591182364 0.125 0.1 0.0 
0.8917835671342684 0.125 0.1 0.0 
0.8937875751503005 0.125 0.1 0.0 
0.8957915831663326 0.125 0.1 0.0 
0.8977955911823646 0.125 0.1 0.0 
0.8997995991983967 0.125 0.1 0.0 
0.9018036072144288 0.125 0.1 0.0 
0.9038076152304608 0.125 0.1 0.0 
0.9058116232464929 0.125 0.1 0.0 
0.907815631262525 0.125 0.1 0.0 
0.909819639278557 0.125 0.1 0.0 
0.9118236472945891 0.125 0.1 0.0 
0.9138276553106212 0.125 0.1 0.0 
0.9158316633266532 0.125 0.1 0.0 
0.9178356713426853 0.125 0.1 0.0 
0.9198396793587174 0.125 0.1 0.0 
0.9218436873747494 0.125 0.1 0.0 
0.9238476953907815 0.125 0.1 0.0 
0.9258517034068136 0.125 0.1 0.0 
0.9278557114228456 0.125 0.1 0.0 
0.9298597194388777 0.125 0.1 0.0 
0.9318637274549098 0.125 0.1 0.0 
0.9338677354709418 0.125 0.1 0.0 
0.9358717434869739 0.125 0.1 0.0 
0.937875751503006 0.125 0.1 0.0 
0.939879759519038 0.125 0.1 0.0 
0.9418837675350701 0.125 0.1 0.0 
0.9438877755511021 0.125 0.1 0.0 
0.9458917835671342 0.125 0.1 0.0 
0.9478957915831663 0.125 0.1 0.0 
0.9498997995991983 0.125 0.1 0.0 
0.9519038076152304 0.125 0.1 0.0 
0.9539078156312625 0.125 0.1 0.0 
0.9559118236472945 0.125 0.1 0.0 
0.9579158316633266 0.125 0.1 0.0 
0.9599198396793587 0.125 0.1 0.0 
0.9619238476953907 0.125 0.1 0.0 
0.9639278557114228 0.125 0.1 0.0 
0.9659318637274549 0.125 0.1 0.0 
0.9679358717434869 0.125 0.1 0.0 
0.969939879759519 0.125 0.1 0.0 
0.9719438877755511 0.125 0.1 0.0 
0.9739478957915831 0.125 0.1 0.0 
0.9759519038076151 0.125 0.1 0.0 
0.9779559118236472 0.125 0.1 0.0 
0.9799599198396792 0.125 0.1 0.0 
0.9819639278557113 0.125 0.1 0.0 
0.9839679358717434 0.125 0.1 0.0 
0.9859719438877754 0.125 0.1 0.0 
0.9879759519038075 0.125 0.1 0.0 
0.9899799599198396 0.125 0.1 0.0 
0.9919839679358716 0.125 0.1 0.0 
0.9939879759519037 0.125 0.1 0.0 
0.9959919839679358 0.125 0.1 0.0 
0.9979959919839678 0.125 0.1 0.0 
1.0 0.125 0.1 0.0 
