0  1
0.310786106033  1
0.327239488117  0.929936305732
0.343692870201  0.861995753715
0.35831809872  0.804670912951
0.378427787934  0.736730360934
0.393053016453  0.685774946921
0.405850091408  0.645435244161
0.414990859232  0.615711252654
0.425959780622  0.583864118896
0.440585009141  0.543524416136
0.453382084095  0.509554140127
0.466179159049  0.477707006369
0.477148080439  0.452229299363
0.484460694698  0.435244161359
0.647166361974  0.435244161359
0.64533820841  0.244161358811
0.707495429616  0.244161358811
0.800731261426  0.242038216561
0.802559414991  0.125265392781
0.99268738574  0.125265392781
