0.000000 5.999240 460.894000 19.597500
0.001001 5.999240 460.894000 19.597500
0.002002 5.999240 460.894000 19.597500
0.003003 5.999240 460.894000 19.597500
0.004004 5.999240 460.894000 19.597500
0.005005 5.999240 460.894000 19.597500
0.006006 5.999240 460.894000 19.597500
0.007007 5.999240 460.894000 19.597500
0.008008 5.999240 460.894000 19.597500
0.009009 5.999240 460.894000 19.597500
0.010010 5.999240 460.894000 19.597500
0.011011 5.999240 460.894000 19.597500
0.012012 5.999240 460.894000 19.597500
0.013013 5.999240 460.894000 19.597500
0.014014 5.999240 460.894000 19.597500
0.015015 5.999240 460.894000 19.597500
0.016016 5.999240 460.894000 19.597500
0.017017 5.999240 460.894000 19.597500
0.018018 5.999240 460.894000 19.597500
0.019019 5.999240 460.894000 19.597500
0.020020 5.999240 460.894000 19.597500
0.021021 5.999240 460.894000 19.597500
0.022022 5.999240 460.894000 19.597500
0.023023 5.999240 460.894000 19.597500
0.024024 5.999240 460.894000 19.597500
0.025025 5.999240 460.894000 19.597500
0.026026 5.999240 460.894000 19.597500
0.027027 5.999240 460.894000 19.597500
0.028028 5.999240 460.894000 19.597500
0.029029 5.999240 460.894000 19.597500
0.030030 5.999240 460.894000 19.597500
0.031031 5.999240 460.894000 19.597500
0.032032 5.999240 460.894000 19.597500
0.033033 5.999240 460.894000 19.597500
0.034034 5.999240 460.894000 19.597500
0.035035 5.999240 460.894000 19.597500
0.036036 5.999240 460.894000 19.597500
0.037037 5.999240 460.894000 19.597500
0.038038 5.999240 460.894000 19.597500
0.039039 5.999240 460.894000 19.597500
0.040040 5.999240 460.894000 19.597500
0.041041 5.999240 460.894000 19.597500
0.042042 5.999240 460.894000 19.597500
0.043043 5.999240 460.894000 19.597500
0.044044 5.999240 460.894000 19.597500
0.045045 5.999240 460.894000 19.597500
0.046046 5.999240 460.894000 19.597500
0.047047 5.999240 460.894000 19.597500
0.048048 5.999240 460.894000 19.597500
0.049049 5.999240 460.894000 19.597500
0.050050 5.999240 460.894000 19.597500
0.051051 5.999240 460.894000 19.597500
0.052052 5.999240 460.894000 19.597500
0.053053 5.999240 460.894000 19.597500
0.054054 5.999240 460.894000 19.597500
0.055055 5.999240 460.894000 19.597500
0.056056 5.999240 460.894000 19.597500
0.057057 5.999240 460.894000 19.597500
0.058058 5.999240 460.894000 19.597500
0.059059 5.999240 460.894000 19.597500
0.060060 5.999240 460.894000 19.597500
0.061061 5.999240 460.894000 19.597500
0.062062 5.999240 460.894000 19.597500
0.063063 5.999240 460.894000 19.597500
0.064064 5.999240 460.894000 19.597500
0.065065 5.999240 460.894000 19.597500
0.066066 5.999240 460.894000 19.597500
0.067067 5.999240 460.894000 19.597500
0.068068 5.999240 460.894000 19.597500
0.069069 5.999240 460.894000 19.597500
0.070070 5.999240 460.894000 19.597500
0.071071 5.999240 460.894000 19.597500
0.072072 5.999240 460.894000 19.597500
0.073073 5.999240 460.894000 19.597500
0.074074 5.999240 460.894000 19.597500
0.075075 5.999240 460.894000 19.597500
0.076076 5.999240 460.894000 19.597500
0.077077 5.999240 460.894000 19.597500
0.078078 5.999240 460.894000 19.597500
0.079079 5.999240 460.894000 19.597500
0.080080 5.999240 460.894000 19.597500
0.081081 5.999240 460.894000 19.597500
0.082082 5.999240 460.894000 19.597500
0.083083 5.999240 460.894000 19.597500
0.084084 5.999240 460.894000 19.597500
0.085085 5.999240 460.894000 19.597500
0.086086 5.999240 460.894000 19.597500
0.087087 5.999240 460.894000 19.597500
0.088088 5.999240 460.894000 19.597500
0.089089 5.999240 460.894000 19.597500
0.090090 5.999240 460.894000 19.597500
0.091091 5.999240 460.894000 19.597500
0.092092 5.999240 460.894000 19.597500
0.093093 5.999240 460.894000 19.597500
0.094094 5.999240 460.894000 19.597500
0.095095 5.999240 460.894000 19.597500
0.096096 5.999240 460.894000 19.597500
0.097097 5.999240 460.894000 19.597500
0.098098 5.999240 460.894000 19.597500
0.099099 5.999240 460.894000 19.597500
0.100100 5.999240 460.894000 19.597500
0.101101 5.999240 460.894000 19.597500
0.102102 5.999240 460.894000 19.597500
0.103103 5.999240 460.894000 19.597500
0.104104 5.999240 460.894000 19.597500
0.105105 5.999240 460.894000 19.597500
0.106106 5.999240 460.894000 19.597500
0.107107 5.999240 460.894000 19.597500
0.108108 5.999240 460.894000 19.597500
0.109109 5.999240 460.894000 19.597500
0.110110 5.999240 460.894000 19.597500
0.111111 5.999240 460.894000 19.597500
0.112112 5.999240 460.894000 19.597500
0.113113 5.999240 460.894000 19.597500
0.114114 5.999240 460.894000 19.597500
0.115115 5.999240 460.894000 19.597500
0.116116 5.999240 460.894000 19.597500
0.117117 5.999240 460.894000 19.597500
0.118118 5.999240 460.894000 19.597500
0.119119 5.999240 460.894000 19.597500
0.120120 5.999240 460.894000 19.597500
0.121121 5.999240 460.894000 19.597500
0.122122 5.999240 460.894000 19.597500
0.123123 5.999240 460.894000 19.597500
0.124124 5.999240 460.894000 19.597500
0.125125 5.999240 460.894000 19.597500
0.126126 5.999240 460.894000 19.597500
0.127127 5.999240 460.894000 19.597500
0.128128 5.999240 460.894000 19.597500
0.129129 5.999240 460.894000 19.597500
0.130130 5.999240 460.894000 19.597500
0.131131 5.999240 460.894000 19.597500
0.132132 5.999240 460.894000 19.597500
0.133133 5.999240 460.894000 19.597500
0.134134 5.999240 460.894000 19.597500
0.135135 5.999240 460.894000 19.597500
0.136136 5.999240 460.894000 19.597500
0.137137 5.999240 460.894000 19.597500
0.138138 5.999240 460.894000 19.597500
0.139139 5.999240 460.894000 19.597500
0.140140 5.999240 460.894000 19.597500
0.141141 5.999240 460.894000 19.597500
0.142142 5.999240 460.894000 19.597500
0.143143 5.999240 460.894000 19.597500
0.144144 5.999240 460.894000 19.597500
0.145145 5.999240 460.894000 19.597500
0.146146 5.999240 460.894000 19.597500
0.147147 5.999240 460.894000 19.597500
0.148148 5.999240 460.894000 19.597500
0.149149 5.999240 460.894000 19.597500
0.150150 5.999240 460.894000 19.597500
0.151151 5.999240 460.894000 19.597500
0.152152 5.999240 460.894000 19.597500
0.153153 5.999240 460.894000 19.597500
0.154154 5.999240 460.894000 19.597500
0.155155 5.999240 460.894000 19.597500
0.156156 5.999240 460.894000 19.597500
0.157157 5.999240 460.894000 19.597500
0.158158 5.999240 460.894000 19.597500
0.159159 5.999240 460.894000 19.597500
0.160160 5.999240 460.894000 19.597500
0.161161 5.999240 460.894000 19.597500
0.162162 5.999240 460.894000 19.597500
0.163163 5.999240 460.894000 19.597500
0.164164 5.999240 460.894000 19.597500
0.165165 5.999240 460.894000 19.597500
0.166166 5.999240 460.894000 19.597500
0.167167 5.999240 460.894000 19.597500
0.168168 5.999240 460.894000 19.597500
0.169169 5.999240 460.894000 19.597500
0.170170 5.999240 460.894000 19.597500
0.171171 5.999240 460.894000 19.597500
0.172172 5.999240 460.894000 19.597500
0.173173 5.999240 460.894000 19.597500
0.174174 5.999240 460.894000 19.597500
0.175175 5.999240 460.894000 19.597500
0.176176 5.999240 460.894000 19.597500
0.177177 5.999240 460.894000 19.597500
0.178178 5.999240 460.894000 19.597500
0.179179 5.999240 460.894000 19.597500
0.180180 5.999240 460.894000 19.597500
0.181181 5.999240 460.894000 19.597500
0.182182 5.999240 460.894000 19.597500
0.183183 5.999240 460.894000 19.597500
0.184184 5.999240 460.894000 19.597500
0.185185 5.999240 460.894000 19.597500
0.186186 5.999240 460.894000 19.597500
0.187187 5.999240 460.894000 19.597500
0.188188 5.999240 460.894000 19.597500
0.189189 5.999240 460.894000 19.597500
0.190190 5.999240 460.894000 19.597500
0.191191 5.999240 460.894000 19.597500
0.192192 5.999240 460.894000 19.597500
0.193193 5.999240 460.894000 19.597500
0.194194 5.999240 460.894000 19.597500
0.195195 5.999240 460.894000 19.597500
0.196196 5.999240 460.894000 19.597500
0.197197 5.999240 460.894000 19.597500
0.198198 5.999240 460.894000 19.597500
0.199199 5.999240 460.894000 19.597500
0.200200 5.999240 460.894000 19.597500
0.201201 5.999240 460.894000 19.597500
0.202202 5.999240 460.894000 19.597500
0.203203 5.999240 460.894000 19.597500
0.204204 5.999240 460.894000 19.597500
0.205205 5.999240 460.894000 19.597500
0.206206 5.999240 460.894000 19.597500
0.207207 5.999240 460.894000 19.597500
0.208208 5.999240 460.894000 19.597500
0.209209 5.999240 460.894000 19.597500
0.210210 5.999240 460.894000 19.597500
0.211211 5.999240 460.894000 19.597500
0.212212 5.999240 460.894000 19.597500
0.213213 5.999240 460.894000 19.597500
0.214214 5.999240 460.894000 19.597500
0.215215 5.999240 460.894000 19.597500
0.216216 5.999240 460.894000 19.597500
0.217217 5.999240 460.894000 19.597500
0.218218 5.999240 460.894000 19.597500
0.219219 5.999240 460.894000 19.597500
0.220220 5.999240 460.894000 19.597500
0.221221 5.999240 460.894000 19.597500
0.222222 5.999240 460.894000 19.597500
0.223223 5.999240 460.894000 19.597500
0.224224 5.999240 460.894000 19.597500
0.225225 5.999240 460.894000 19.597500
0.226226 5.999240 460.894000 19.597500
0.227227 5.999240 460.894000 19.597500
0.228228 5.999240 460.894000 19.597500
0.229229 5.999240 460.894000 19.597500
0.230230 5.999240 460.894000 19.597500
0.231231 5.999240 460.894000 19.597500
0.232232 5.999240 460.894000 19.597500
0.233233 5.999240 460.894000 19.597500
0.234234 5.999240 460.894000 19.597500
0.235235 5.999240 460.894000 19.597500
0.236236 5.999240 460.894000 19.597500
0.237237 5.999240 460.894000 19.597500
0.238238 5.999240 460.894000 19.597500
0.239239 5.999240 460.894000 19.597500
0.240240 5.999240 460.894000 19.597500
0.241241 5.999240 460.894000 19.597500
0.242242 5.999240 460.894000 19.597500
0.243243 5.999240 460.894000 19.597500
0.244244 5.999240 460.894000 19.597500
0.245245 5.999240 460.894000 19.597500
0.246246 5.999240 460.894000 19.597500
0.247247 5.999240 460.894000 19.597500
0.248248 5.999240 460.894000 19.597500
0.249249 5.999240 460.894000 19.597500
0.250250 5.999240 460.894000 19.597500
0.251251 5.999240 460.894000 19.597500
0.252252 5.999240 460.894000 19.597500
0.253253 5.999240 460.894000 19.597500
0.254254 5.999240 460.894000 19.597500
0.255255 5.999240 460.894000 19.597500
0.256256 5.999240 460.894000 19.597500
0.257257 5.999240 460.894000 19.597500
0.258258 5.999240 460.894000 19.597500
0.259259 5.999240 460.894000 19.597500
0.260260 5.999240 460.894000 19.597500
0.261261 5.999240 460.894000 19.597500
0.262262 5.999240 460.894000 19.597500
0.263263 5.999240 460.894000 19.597500
0.264264 5.999240 460.894000 19.597500
0.265265 5.999240 460.894000 19.597500
0.266266 5.999240 460.894000 19.597500
0.267267 5.999240 460.894000 19.597500
0.268268 5.999240 460.894000 19.597500
0.269269 5.999240 460.894000 19.597500
0.270270 5.999240 460.894000 19.597500
0.271271 5.999240 460.894000 19.597500
0.272272 5.999240 460.894000 19.597500
0.273273 5.999240 460.894000 19.597500
0.274274 5.999240 460.894000 19.597500
0.275275 5.999240 460.894000 19.597500
0.276276 5.999240 460.894000 19.597500
0.277277 5.999240 460.894000 19.597500
0.278278 5.999240 460.894000 19.597500
0.279279 5.999240 460.894000 19.597500
0.280280 5.999240 460.894000 19.597500
0.281281 5.999240 460.894000 19.597500
0.282282 5.999240 460.894000 19.597500
0.283283 5.999240 460.894000 19.597500
0.284284 5.999240 460.894000 19.597500
0.285285 5.999240 460.894000 19.597500
0.286286 5.999240 460.894000 19.597500
0.287287 5.999240 460.894000 19.597500
0.288288 5.999240 460.894000 19.597500
0.289289 5.999240 460.894000 19.597500
0.290290 5.999240 460.894000 19.597500
0.291291 5.999240 460.894000 19.597500
0.292292 5.999240 460.894000 19.597500
0.293293 5.999240 460.894000 19.597500
0.294294 5.999240 460.894000 19.597500
0.295295 5.999240 460.894000 19.597500
0.296296 5.999240 460.894000 19.597500
0.297297 5.999240 460.894000 19.597500
0.298298 5.999240 460.894000 19.597500
0.299299 5.999240 460.894000 19.597500
0.300300 5.999240 460.894000 19.597500
0.301301 5.999240 460.894000 19.597500
0.302302 5.999240 460.894000 19.597500
0.303303 5.999240 460.894000 19.597500
0.304304 5.999240 460.894000 19.597500
0.305305 5.999240 460.894000 19.597500
0.306306 5.999240 460.894000 19.597500
0.307307 5.999240 460.894000 19.597500
0.308308 5.999240 460.894000 19.597500
0.309309 5.999240 460.894000 19.597500
0.310310 5.999240 460.894000 19.597500
0.311311 5.999240 460.894000 19.597500
0.312312 5.999240 460.894000 19.597500
0.313313 5.999240 460.894000 19.597500
0.314314 5.999240 460.894000 19.597500
0.315315 5.999240 460.894000 19.597500
0.316316 5.999240 460.894000 19.597500
0.317317 5.999240 460.894000 19.597500
0.318318 5.999240 460.894000 19.597500
0.319319 5.999240 460.894000 19.597500
0.320320 5.999240 460.894000 19.597500
0.321321 5.999240 460.894000 19.597500
0.322322 5.999240 460.894000 19.597500
0.323323 5.999240 460.894000 19.597500
0.324324 5.999240 460.894000 19.597500
0.325325 5.999240 460.894000 19.597500
0.326326 5.999240 460.894000 19.597500
0.327327 5.999240 460.894000 19.597500
0.328328 5.999240 460.894000 19.597500
0.329329 5.999240 460.894000 19.597500
0.330330 5.999240 460.894000 19.597500
0.331331 5.999240 460.894000 19.597500
0.332332 5.999240 460.894000 19.597500
0.333333 5.999240 460.894000 19.597500
0.334334 5.999240 460.894000 19.597500
0.335335 5.999240 460.894000 19.597500
0.336336 5.999240 460.894000 19.597500
0.337337 5.999240 460.894000 19.597500
0.338338 5.999240 460.894000 19.597500
0.339339 5.999240 460.894000 19.597500
0.340340 5.999240 460.894000 19.597500
0.341341 5.999240 460.894000 19.597500
0.342342 5.999240 460.894000 19.597500
0.343343 5.999240 460.894000 19.597500
0.344344 5.999240 460.894000 19.597500
0.345345 5.999240 460.894000 19.597500
0.346346 5.999240 460.894000 19.597500
0.347347 5.999240 460.894000 19.597500
0.348348 5.999240 460.894000 19.597500
0.349349 5.999240 460.894000 19.597500
0.350350 5.999240 460.894000 19.597500
0.351351 5.999240 460.894000 19.597500
0.352352 5.999240 460.894000 19.597500
0.353353 5.999240 460.894000 19.597500
0.354354 5.999240 460.894000 19.597500
0.355355 5.999240 460.894000 19.597500
0.356356 5.999240 460.894000 19.597500
0.357357 5.999240 460.894000 19.597500
0.358358 5.999240 460.894000 19.597500
0.359359 5.999240 460.894000 19.597500
0.360360 5.999240 460.894000 19.597500
0.361361 5.999240 460.894000 19.597500
0.362362 5.999240 460.894000 19.597500
0.363363 5.999240 460.894000 19.597500
0.364364 5.999240 460.894000 19.597500
0.365365 5.999240 460.894000 19.597500
0.366366 5.999240 460.894000 19.597500
0.367367 5.999240 460.894000 19.597500
0.368368 5.999240 460.894000 19.597500
0.369369 5.999240 460.894000 19.597500
0.370370 5.999240 460.894000 19.597500
0.371371 5.999240 460.894000 19.597500
0.372372 5.999240 460.894000 19.597500
0.373373 5.999240 460.894000 19.597500
0.374374 5.999240 460.894000 19.597500
0.375375 5.999240 460.894000 19.597500
0.376376 5.999240 460.894000 19.597500
0.377377 5.999240 460.894000 19.597500
0.378378 5.999240 460.894000 19.597500
0.379379 5.999240 460.894000 19.597500
0.380380 5.999240 460.894000 19.597500
0.381381 5.999240 460.894000 19.597500
0.382382 5.999240 460.894000 19.597500
0.383383 5.999240 460.894000 19.597500
0.384384 5.999240 460.894000 19.597500
0.385385 5.999240 460.894000 19.597500
0.386386 5.999240 460.894000 19.597500
0.387387 5.999240 460.894000 19.597500
0.388388 5.999240 460.894000 19.597500
0.389389 5.999240 460.894000 19.597500
0.390390 5.999240 460.894000 19.597500
0.391391 5.999240 460.894000 19.597500
0.392392 5.999240 460.894000 19.597500
0.393393 5.999240 460.894000 19.597500
0.394394 5.999240 460.894000 19.597500
0.395395 5.999240 460.894000 19.597500
0.396396 5.999240 460.894000 19.597500
0.397397 5.999240 460.894000 19.597500
0.398398 5.999240 460.894000 19.597500
0.399399 5.999240 460.894000 19.597500
0.400400 5.999240 460.894000 19.597500
0.401401 5.999240 460.894000 19.597500
0.402402 5.999240 460.894000 19.597500
0.403403 5.999240 460.894000 19.597500
0.404404 5.999240 460.894000 19.597500
0.405405 5.999240 460.894000 19.597500
0.406406 5.999240 460.894000 19.597500
0.407407 5.999240 460.894000 19.597500
0.408408 5.999240 460.894000 19.597500
0.409409 5.999240 460.894000 19.597500
0.410410 5.999240 460.894000 19.597500
0.411411 5.999240 460.894000 19.597500
0.412412 5.999240 460.894000 19.597500
0.413413 5.999240 460.894000 19.597500
0.414414 5.999240 460.894000 19.597500
0.415415 5.999240 460.894000 19.597500
0.416416 5.999240 460.894000 19.597500
0.417417 5.999240 460.894000 19.597500
0.418418 5.999240 460.894000 19.597500
0.419419 5.999240 460.894000 19.597500
0.420420 5.999240 460.894000 19.597500
0.421421 5.999240 460.894000 19.597500
0.422422 5.999240 460.894000 19.597500
0.423423 5.999240 460.894000 19.597500
0.424424 5.999240 460.894000 19.597500
0.425425 5.999240 460.894000 19.597500
0.426426 5.999240 460.894000 19.597500
0.427427 5.999240 460.894000 19.597500
0.428428 14.282350 1691.646955 8.689774
0.429429 14.282350 1691.646955 8.689774
0.430430 14.282350 1691.646955 8.689774
0.431431 14.282350 1691.646955 8.689774
0.432432 14.282350 1691.646955 8.689774
0.433433 14.282350 1691.646955 8.689774
0.434434 14.282350 1691.646955 8.689774
0.435435 14.282350 1691.646955 8.689774
0.436436 14.282350 1691.646955 8.689774
0.437437 14.282350 1691.646955 8.689774
0.438438 14.282350 1691.646955 8.689774
0.439439 14.282350 1691.646955 8.689774
0.440440 14.282350 1691.646955 8.689774
0.441441 14.282350 1691.646955 8.689774
0.442442 14.282350 1691.646955 8.689774
0.443443 14.282350 1691.646955 8.689774
0.444444 14.282350 1691.646955 8.689774
0.445445 14.282350 1691.646955 8.689774
0.446446 14.282350 1691.646955 8.689774
0.447447 14.282350 1691.646955 8.689774
0.448448 14.282350 1691.646955 8.689774
0.449449 14.282350 1691.646955 8.689774
0.450450 14.282350 1691.646955 8.689774
0.451451 14.282350 1691.646955 8.689774
0.452452 14.282350 1691.646955 8.689774
0.453453 14.282350 1691.646955 8.689774
0.454454 14.282350 1691.646955 8.689774
0.455455 14.282350 1691.646955 8.689774
0.456456 14.282350 1691.646955 8.689774
0.457457 14.282350 1691.646955 8.689774
0.458458 14.282350 1691.646955 8.689774
0.459459 14.282350 1691.646955 8.689774
0.460460 14.282350 1691.646955 8.689774
0.461461 14.282350 1691.646955 8.689774
0.462462 14.282350 1691.646955 8.689774
0.463463 14.282350 1691.646955 8.689774
0.464464 14.282350 1691.646955 8.689774
0.465465 14.282350 1691.646955 8.689774
0.466466 14.282350 1691.646955 8.689774
0.467467 14.282350 1691.646955 8.689774
0.468468 14.282350 1691.646955 8.689774
0.469469 14.282350 1691.646955 8.689774
0.470470 14.282350 1691.646955 8.689774
0.471471 14.282350 1691.646955 8.689774
0.472472 14.282350 1691.646955 8.689774
0.473473 14.282350 1691.646955 8.689774
0.474474 14.282350 1691.646955 8.689774
0.475475 14.282350 1691.646955 8.689774
0.476476 14.282350 1691.646955 8.689774
0.477477 14.282350 1691.646955 8.689774
0.478478 14.282350 1691.646955 8.689774
0.479479 14.282350 1691.646955 8.689774
0.480480 14.282350 1691.646955 8.689774
0.481481 14.282350 1691.646955 8.689774
0.482482 14.282350 1691.646955 8.689774
0.483483 14.282350 1691.646955 8.689774
0.484484 14.282350 1691.646955 8.689774
0.485485 14.282350 1691.646955 8.689774
0.486486 14.282350 1691.646955 8.689774
0.487487 14.282350 1691.646955 8.689774
0.488488 14.282350 1691.646955 8.689774
0.489489 14.282350 1691.646955 8.689774
0.490490 14.282350 1691.646955 8.689774
0.491491 14.282350 1691.646955 8.689774
0.492492 14.282350 1691.646955 8.689774
0.493493 14.282350 1691.646955 8.689774
0.494494 14.282350 1691.646955 8.689774
0.495495 14.282350 1691.646955 8.689774
0.496496 14.282350 1691.646955 8.689774
0.497497 14.282350 1691.646955 8.689774
0.498498 14.282350 1691.646955 8.689774
0.499499 14.282350 1691.646955 8.689774
0.500501 14.282350 1691.646955 8.689774
0.501502 14.282350 1691.646955 8.689774
0.502503 14.282350 1691.646955 8.689774
0.503504 14.282350 1691.646955 8.689774
0.504505 14.282350 1691.646955 8.689774
0.505506 14.282350 1691.646955 8.689774
0.506507 14.282350 1691.646955 8.689774
0.507508 14.282350 1691.646955 8.689774
0.508509 14.282350 1691.646955 8.689774
0.509510 14.282350 1691.646955 8.689774
0.510511 14.282350 1691.646955 8.689774
0.511512 14.282350 1691.646955 8.689774
0.512513 14.282350 1691.646955 8.689774
0.513514 14.282350 1691.646955 8.689774
0.514515 14.282350 1691.646955 8.689774
0.515516 14.282350 1691.646955 8.689774
0.516517 14.282350 1691.646955 8.689774
0.517518 14.282350 1691.646955 8.689774
0.518519 14.282350 1691.646955 8.689774
0.519520 14.282350 1691.646955 8.689774
0.520521 14.282350 1691.646955 8.689774
0.521522 14.282350 1691.646955 8.689774
0.522523 14.282350 1691.646955 8.689774
0.523524 14.282350 1691.646955 8.689774
0.524525 14.282350 1691.646955 8.689774
0.525526 14.282350 1691.646955 8.689774
0.526527 14.282350 1691.646955 8.689774
0.527528 14.282350 1691.646955 8.689774
0.528529 14.282350 1691.646955 8.689774
0.529530 14.282350 1691.646955 8.689774
0.530531 14.282350 1691.646955 8.689774
0.531532 14.282350 1691.646955 8.689774
0.532533 14.282350 1691.646955 8.689774
0.533534 14.282350 1691.646955 8.689774
0.534535 14.282350 1691.646955 8.689774
0.535536 14.282350 1691.646955 8.689774
0.536537 14.282350 1691.646955 8.689774
0.537538 14.282350 1691.646955 8.689774
0.538539 14.282350 1691.646955 8.689774
0.539540 14.282350 1691.646955 8.689774
0.540541 14.282350 1691.646955 8.689774
0.541542 14.282350 1691.646955 8.689774
0.542543 14.282350 1691.646955 8.689774
0.543544 14.282350 1691.646955 8.689774
0.544545 14.282350 1691.646955 8.689774
0.545546 14.282350 1691.646955 8.689774
0.546547 14.282350 1691.646955 8.689774
0.547548 14.282350 1691.646955 8.689774
0.548549 14.282350 1691.646955 8.689774
0.549550 14.282350 1691.646955 8.689774
0.550551 14.282350 1691.646955 8.689774
0.551552 14.282350 1691.646955 8.689774
0.552553 14.282350 1691.646955 8.689774
0.553554 14.282350 1691.646955 8.689774
0.554555 14.282350 1691.646955 8.689774
0.555556 14.282350 1691.646955 8.689774
0.556557 14.282350 1691.646955 8.689774
0.557558 14.282350 1691.646955 8.689774
0.558559 14.282350 1691.646955 8.689774
0.559560 14.282350 1691.646955 8.689774
0.560561 14.282350 1691.646955 8.689774
0.561562 14.282350 1691.646955 8.689774
0.562563 14.282350 1691.646955 8.689774
0.563564 14.282350 1691.646955 8.689774
0.564565 14.282350 1691.646955 8.689774
0.565566 14.282350 1691.646955 8.689774
0.566567 14.282350 1691.646955 8.689774
0.567568 14.282350 1691.646955 8.689774
0.568569 14.282350 1691.646955 8.689774
0.569570 14.282350 1691.646955 8.689774
0.570571 14.282350 1691.646955 8.689774
0.571572 14.282350 1691.646955 8.689774
0.572573 14.282350 1691.646955 8.689774
0.573574 14.282350 1691.646955 8.689774
0.574575 14.282350 1691.646955 8.689774
0.575576 14.282350 1691.646955 8.689774
0.576577 14.282350 1691.646955 8.689774
0.577578 14.282350 1691.646955 8.689774
0.578579 14.282350 1691.646955 8.689774
0.579580 14.282350 1691.646955 8.689774
0.580581 14.282350 1691.646955 8.689774
0.581582 14.282350 1691.646955 8.689774
0.582583 14.282350 1691.646955 8.689774
0.583584 14.282350 1691.646955 8.689774
0.584585 14.282350 1691.646955 8.689774
0.585586 14.282350 1691.646955 8.689774
0.586587 14.282350 1691.646955 8.689774
0.587588 14.282350 1691.646955 8.689774
0.588589 14.282350 1691.646955 8.689774
0.589590 14.282350 1691.646955 8.689774
0.590591 14.282350 1691.646955 8.689774
0.591592 14.282350 1691.646955 8.689774
0.592593 14.282350 1691.646955 8.689774
0.593594 14.282350 1691.646955 8.689774
0.594595 14.282350 1691.646955 8.689774
0.595596 14.282350 1691.646955 8.689774
0.596597 14.282350 1691.646955 8.689774
0.597598 14.282350 1691.646955 8.689774
0.598599 14.282350 1691.646955 8.689774
0.599600 14.282350 1691.646955 8.689774
0.600601 14.282350 1691.646955 8.689774
0.601602 14.282350 1691.646955 8.689774
0.602603 14.282350 1691.646955 8.689774
0.603604 14.282350 1691.646955 8.689774
0.604605 14.282350 1691.646955 8.689774
0.605606 14.282350 1691.646955 8.689774
0.606607 14.282350 1691.646955 8.689774
0.607608 14.282350 1691.646955 8.689774
0.608609 14.282350 1691.646955 8.689774
0.609610 14.282350 1691.646955 8.689774
0.610611 14.282350 1691.646955 8.689774
0.611612 14.282350 1691.646955 8.689774
0.612613 14.282350 1691.646955 8.689774
0.613614 14.282350 1691.646955 8.689774
0.614615 14.282350 1691.646955 8.689774
0.615616 14.282350 1691.646955 8.689774
0.616617 14.282350 1691.646955 8.689774
0.617618 14.282350 1691.646955 8.689774
0.618619 14.282350 1691.646955 8.689774
0.619620 14.282350 1691.646955 8.689774
0.620621 14.282350 1691.646955 8.689774
0.621622 14.282350 1691.646955 8.689774
0.622623 14.282350 1691.646955 8.689774
0.623624 14.282350 1691.646955 8.689774
0.624625 14.282350 1691.646955 8.689774
0.625626 14.282350 1691.646955 8.689774
0.626627 14.282350 1691.646955 8.689774
0.627628 14.282350 1691.646955 8.689774
0.628629 14.282350 1691.646955 8.689774
0.629630 14.282350 1691.646955 8.689774
0.630631 14.282350 1691.646955 8.689774
0.631632 14.282350 1691.646955 8.689774
0.632633 14.282350 1691.646955 8.689774
0.633634 14.282350 1691.646955 8.689774
0.634635 14.282350 1691.646955 8.689774
0.635636 14.282350 1691.646955 8.689774
0.636637 14.282350 1691.646955 8.689774
0.637638 14.282350 1691.646955 8.689774
0.638639 14.282350 1691.646955 8.689774
0.639640 14.282350 1691.646955 8.689774
0.640641 14.282350 1691.646955 8.689774
0.641642 14.282350 1691.646955 8.689774
0.642643 14.282350 1691.646955 8.689774
0.643644 14.282350 1691.646955 8.689774
0.644645 14.282350 1691.646955 8.689774
0.645646 14.282350 1691.646955 8.689774
0.646647 14.282350 1691.646955 8.689774
0.647648 14.282350 1691.646955 8.689774
0.648649 14.282350 1691.646955 8.689774
0.649650 14.282350 1691.646955 8.689774
0.650651 14.282350 1691.646955 8.689774
0.651652 14.282350 1691.646955 8.689774
0.652653 14.282350 1691.646955 8.689774
0.653654 14.282350 1691.646955 8.689774
0.654655 14.282350 1691.646955 8.689774
0.655656 14.282350 1691.646955 8.689774
0.656657 14.282350 1691.646955 8.689774
0.657658 14.282350 1691.646955 8.689774
0.658659 14.282350 1691.646955 8.689774
0.659660 14.282350 1691.646955 8.689774
0.660661 14.282350 1691.646955 8.689774
0.661662 14.282350 1691.646955 8.689774
0.662663 14.282350 1691.646955 8.689774
0.663664 14.282350 1691.646955 8.689774
0.664665 14.282350 1691.646955 8.689774
0.665666 14.282350 1691.646955 8.689774
0.666667 14.282350 1691.646955 8.689774
0.667668 14.282350 1691.646955 8.689774
0.668669 14.282350 1691.646955 8.689774
0.669670 14.282350 1691.646955 8.689774
0.670671 14.282350 1691.646955 8.689774
0.671672 14.282350 1691.646955 8.689774
0.672673 14.282350 1691.646955 8.689774
0.673674 14.282350 1691.646955 8.689774
0.674675 14.282350 1691.646955 8.689774
0.675676 14.282350 1691.646955 8.689774
0.676677 14.282350 1691.646955 8.689774
0.677678 14.282350 1691.646955 8.689774
0.678679 14.282350 1691.646955 8.689774
0.679680 14.282350 1691.646955 8.689774
0.680681 14.282350 1691.646955 8.689774
0.681682 14.282350 1691.646955 8.689774
0.682683 14.282350 1691.646955 8.689774
0.683684 14.282350 1691.646955 8.689774
0.684685 14.282350 1691.646955 8.689774
0.685686 14.282350 1691.646955 8.689774
0.686687 14.282350 1691.646955 8.689774
0.687688 14.282350 1691.646955 8.689774
0.688689 14.282350 1691.646955 8.689774
0.689690 14.282350 1691.646955 8.689774
0.690691 14.282350 1691.646955 8.689774
0.691692 14.282350 1691.646955 8.689774
0.692693 14.282350 1691.646955 8.689774
0.693694 14.282350 1691.646955 8.689774
0.694695 14.282350 1691.646955 8.689774
0.695696 14.282350 1691.646955 8.689774
0.696697 14.282350 1691.646955 8.689774
0.697698 14.282350 1691.646955 8.689774
0.698699 14.282350 1691.646955 8.689774
0.699700 14.282350 1691.646955 8.689774
0.700701 14.282350 1691.646955 8.689774
0.701702 14.282350 1691.646955 8.689774
0.702703 14.282350 1691.646955 8.689774
0.703704 14.282350 1691.646955 8.689774
0.704705 31.042602 1691.646955 8.689774
0.705706 31.042602 1691.646955 8.689774
0.706707 31.042602 1691.646955 8.689774
0.707708 31.042602 1691.646955 8.689774
0.708709 31.042602 1691.646955 8.689774
0.709710 31.042602 1691.646955 8.689774
0.710711 31.042602 1691.646955 8.689774
0.711712 31.042602 1691.646955 8.689774
0.712713 31.042602 1691.646955 8.689774
0.713714 31.042602 1691.646955 8.689774
0.714715 31.042602 1691.646955 8.689774
0.715716 31.042602 1691.646955 8.689774
0.716717 31.042602 1691.646955 8.689774
0.717718 31.042602 1691.646955 8.689774
0.718719 31.042602 1691.646955 8.689774
0.719720 31.042602 1691.646955 8.689774
0.720721 31.042602 1691.646955 8.689774
0.721722 31.042602 1691.646955 8.689774
0.722723 31.042602 1691.646955 8.689774
0.723724 31.042602 1691.646955 8.689774
0.724725 31.042602 1691.646955 8.689774
0.725726 31.042602 1691.646955 8.689774
0.726727 31.042602 1691.646955 8.689774
0.727728 31.042602 1691.646955 8.689774
0.728729 31.042602 1691.646955 8.689774
0.729730 31.042602 1691.646955 8.689774
0.730731 31.042602 1691.646955 8.689774
0.731732 31.042602 1691.646955 8.689774
0.732733 31.042602 1691.646955 8.689774
0.733734 31.042602 1691.646955 8.689774
0.734735 31.042602 1691.646955 8.689774
0.735736 31.042602 1691.646955 8.689774
0.736737 31.042602 1691.646955 8.689774
0.737738 31.042602 1691.646955 8.689774
0.738739 31.042602 1691.646955 8.689774
0.739740 31.042602 1691.646955 8.689774
0.740741 31.042602 1691.646955 8.689774
0.741742 31.042602 1691.646955 8.689774
0.742743 31.042602 1691.646955 8.689774
0.743744 31.042602 1691.646955 8.689774
0.744745 31.042602 1691.646955 8.689774
0.745746 31.042602 1691.646955 8.689774
0.746747 31.042602 1691.646955 8.689774
0.747748 31.042602 1691.646955 8.689774
0.748749 31.042602 1691.646955 8.689774
0.749750 31.042602 1691.646955 8.689774
0.750751 31.042602 1691.646955 8.689774
0.751752 31.042602 1691.646955 8.689774
0.752753 31.042602 1691.646955 8.689774
0.753754 31.042602 1691.646955 8.689774
0.754755 31.042602 1691.646955 8.689774
0.755756 31.042602 1691.646955 8.689774
0.756757 31.042602 1691.646955 8.689774
0.757758 31.042602 1691.646955 8.689774
0.758759 31.042602 1691.646955 8.689774
0.759760 31.042602 1691.646955 8.689774
0.760761 31.042602 1691.646955 8.689774
0.761762 31.042602 1691.646955 8.689774
0.762763 31.042602 1691.646955 8.689774
0.763764 31.042602 1691.646955 8.689774
0.764765 31.042602 1691.646955 8.689774
0.765766 31.042602 1691.646955 8.689774
0.766767 31.042602 1691.646955 8.689774
0.767768 31.042602 1691.646955 8.689774
0.768769 31.042602 1691.646955 8.689774
0.769770 31.042602 1691.646955 8.689774
0.770771 31.042602 1691.646955 8.689774
0.771772 31.042602 1691.646955 8.689774
0.772773 31.042602 1691.646955 8.689774
0.773774 31.042602 1691.646955 8.689774
0.774775 31.042602 1691.646955 8.689774
0.775776 31.042602 1691.646955 8.689774
0.776777 31.042602 1691.646955 8.689774
0.777778 31.042602 1691.646955 8.689774
0.778779 31.042602 1691.646955 8.689774
0.779780 31.042602 1691.646955 8.689774
0.780781 31.042602 1691.646955 8.689774
0.781782 31.042602 1691.646955 8.689774
0.782783 31.042602 1691.646955 8.689774
0.783784 31.042602 1691.646955 8.689774
0.784785 31.042602 1691.646955 8.689774
0.785786 31.042602 1691.646955 8.689774
0.786787 31.042602 1691.646955 8.689774
0.787788 31.042602 1691.646955 8.689774
0.788789 31.042602 1691.646955 8.689774
0.789790 31.042602 1691.646955 8.689774
0.790791 31.042602 1691.646955 8.689774
0.791792 31.042602 1691.646955 8.689774
0.792793 31.042602 1691.646955 8.689774
0.793794 31.042602 1691.646955 8.689774
0.794795 31.042602 1691.646955 8.689774
0.795796 31.042602 1691.646955 8.689774
0.796797 31.042602 1691.646955 8.689774
0.797798 31.042602 1691.646955 8.689774
0.798799 31.042602 1691.646955 8.689774
0.799800 31.042602 1691.646955 8.689774
0.800801 31.042602 1691.646955 8.689774
0.801802 31.042602 1691.646955 8.689774
0.802803 31.042602 1691.646955 8.689774
0.803804 31.042602 1691.646955 8.689774
0.804805 31.042602 1691.646955 8.689774
0.805806 31.042602 1691.646955 8.689774
0.806807 31.042602 1691.646955 8.689774
0.807808 31.042602 1691.646955 8.689774
0.808809 31.042602 1691.646955 8.689774
0.809810 31.042602 1691.646955 8.689774
0.810811 31.042602 1691.646955 8.689774
0.811812 31.042602 1691.646955 8.689774
0.812813 31.042602 1691.646955 8.689774
0.813814 31.042602 1691.646955 8.689774
0.814815 31.042602 1691.646955 8.689774
0.815816 31.042602 1691.646955 8.689774
0.816817 31.042602 1691.646955 8.689774
0.817818 31.042602 1691.646955 8.689774
0.818819 31.042602 1691.646955 8.689774
0.819820 31.042602 1691.646955 8.689774
0.820821 31.042602 1691.646955 8.689774
0.821822 31.042602 1691.646955 8.689774
0.822823 31.042602 1691.646955 8.689774
0.823824 31.042602 1691.646955 8.689774
0.824825 31.042602 1691.646955 8.689774
0.825826 31.042602 1691.646955 8.689774
0.826827 31.042602 1691.646955 8.689774
0.827828 31.042602 1691.646955 8.689774
0.828829 5.992420 46.095000 -6.196330
0.829830 5.992420 46.095000 -6.196330
0.830831 5.992420 46.095000 -6.196330
0.831832 5.992420 46.095000 -6.196330
0.832833 5.992420 46.095000 -6.196330
0.833834 5.992420 46.095000 -6.196330
0.834835 5.992420 46.095000 -6.196330
0.835836 5.992420 46.095000 -6.196330
0.836837 5.992420 46.095000 -6.196330
0.837838 5.992420 46.095000 -6.196330
0.838839 5.992420 46.095000 -6.196330
0.839840 5.992420 46.095000 -6.196330
0.840841 5.992420 46.095000 -6.196330
0.841842 5.992420 46.095000 -6.196330
0.842843 5.992420 46.095000 -6.196330
0.843844 5.992420 46.095000 -6.196330
0.844845 5.992420 46.095000 -6.196330
0.845846 5.992420 46.095000 -6.196330
0.846847 5.992420 46.095000 -6.196330
0.847848 5.992420 46.095000 -6.196330
0.848849 5.992420 46.095000 -6.196330
0.849850 5.992420 46.095000 -6.196330
0.850851 5.992420 46.095000 -6.196330
0.851852 5.992420 46.095000 -6.196330
0.852853 5.992420 46.095000 -6.196330
0.853854 5.992420 46.095000 -6.196330
0.854855 5.992420 46.095000 -6.196330
0.855856 5.992420 46.095000 -6.196330
0.856857 5.992420 46.095000 -6.196330
0.857858 5.992420 46.095000 -6.196330
0.858859 5.992420 46.095000 -6.196330
0.859860 5.992420 46.095000 -6.196330
0.860861 5.992420 46.095000 -6.196330
0.861862 5.992420 46.095000 -6.196330
0.862863 5.992420 46.095000 -6.196330
0.863864 5.992420 46.095000 -6.196330
0.864865 5.992420 46.095000 -6.196330
0.865866 5.992420 46.095000 -6.196330
0.866867 5.992420 46.095000 -6.196330
0.867868 5.992420 46.095000 -6.196330
0.868869 5.992420 46.095000 -6.196330
0.869870 5.992420 46.095000 -6.196330
0.870871 5.992420 46.095000 -6.196330
0.871872 5.992420 46.095000 -6.196330
0.872873 5.992420 46.095000 -6.196330
0.873874 5.992420 46.095000 -6.196330
0.874875 5.992420 46.095000 -6.196330
0.875876 5.992420 46.095000 -6.196330
0.876877 5.992420 46.095000 -6.196330
0.877878 5.992420 46.095000 -6.196330
0.878879 5.992420 46.095000 -6.196330
0.879880 5.992420 46.095000 -6.196330
0.880881 5.992420 46.095000 -6.196330
0.881882 5.992420 46.095000 -6.196330
0.882883 5.992420 46.095000 -6.196330
0.883884 5.992420 46.095000 -6.196330
0.884885 5.992420 46.095000 -6.196330
0.885886 5.992420 46.095000 -6.196330
0.886887 5.992420 46.095000 -6.196330
0.887888 5.992420 46.095000 -6.196330
0.888889 5.992420 46.095000 -6.196330
0.889890 5.992420 46.095000 -6.196330
0.890891 5.992420 46.095000 -6.196330
0.891892 5.992420 46.095000 -6.196330
0.892893 5.992420 46.095000 -6.196330
0.893894 5.992420 46.095000 -6.196330
0.894895 5.992420 46.095000 -6.196330
0.895896 5.992420 46.095000 -6.196330
0.896897 5.992420 46.095000 -6.196330
0.897898 5.992420 46.095000 -6.196330
0.898899 5.992420 46.095000 -6.196330
0.899900 5.992420 46.095000 -6.196330
0.900901 5.992420 46.095000 -6.196330
0.901902 5.992420 46.095000 -6.196330
0.902903 5.992420 46.095000 -6.196330
0.903904 5.992420 46.095000 -6.196330
0.904905 5.992420 46.095000 -6.196330
0.905906 5.992420 46.095000 -6.196330
0.906907 5.992420 46.095000 -6.196330
0.907908 5.992420 46.095000 -6.196330
0.908909 5.992420 46.095000 -6.196330
0.909910 5.992420 46.095000 -6.196330
0.910911 5.992420 46.095000 -6.196330
0.911912 5.992420 46.095000 -6.196330
0.912913 5.992420 46.095000 -6.196330
0.913914 5.992420 46.095000 -6.196330
0.914915 5.992420 46.095000 -6.196330
0.915916 5.992420 46.095000 -6.196330
0.916917 5.992420 46.095000 -6.196330
0.917918 5.992420 46.095000 -6.196330
0.918919 5.992420 46.095000 -6.196330
0.919920 5.992420 46.095000 -6.196330
0.920921 5.992420 46.095000 -6.196330
0.921922 5.992420 46.095000 -6.196330
0.922923 5.992420 46.095000 -6.196330
0.923924 5.992420 46.095000 -6.196330
0.924925 5.992420 46.095000 -6.196330
0.925926 5.992420 46.095000 -6.196330
0.926927 5.992420 46.095000 -6.196330
0.927928 5.992420 46.095000 -6.196330
0.928929 5.992420 46.095000 -6.196330
0.929930 5.992420 46.095000 -6.196330
0.930931 5.992420 46.095000 -6.196330
0.931932 5.992420 46.095000 -6.196330
0.932933 5.992420 46.095000 -6.196330
0.933934 5.992420 46.095000 -6.196330
0.934935 5.992420 46.095000 -6.196330
0.935936 5.992420 46.095000 -6.196330
0.936937 5.992420 46.095000 -6.196330
0.937938 5.992420 46.095000 -6.196330
0.938939 5.992420 46.095000 -6.196330
0.939940 5.992420 46.095000 -6.196330
0.940941 5.992420 46.095000 -6.196330
0.941942 5.992420 46.095000 -6.196330
0.942943 5.992420 46.095000 -6.196330
0.943944 5.992420 46.095000 -6.196330
0.944945 5.992420 46.095000 -6.196330
0.945946 5.992420 46.095000 -6.196330
0.946947 5.992420 46.095000 -6.196330
0.947948 5.992420 46.095000 -6.196330
0.948949 5.992420 46.095000 -6.196330
0.949950 5.992420 46.095000 -6.196330
0.950951 5.992420 46.095000 -6.196330
0.951952 5.992420 46.095000 -6.196330
0.952953 5.992420 46.095000 -6.196330
0.953954 5.992420 46.095000 -6.196330
0.954955 5.992420 46.095000 -6.196330
0.955956 5.992420 46.095000 -6.196330
0.956957 5.992420 46.095000 -6.196330
0.957958 5.992420 46.095000 -6.196330
0.958959 5.992420 46.095000 -6.196330
0.959960 5.992420 46.095000 -6.196330
0.960961 5.992420 46.095000 -6.196330
0.961962 5.992420 46.095000 -6.196330
0.962963 5.992420 46.095000 -6.196330
0.963964 5.992420 46.095000 -6.196330
0.964965 5.992420 46.095000 -6.196330
0.965966 5.992420 46.095000 -6.196330
0.966967 5.992420 46.095000 -6.196330
0.967968 5.992420 46.095000 -6.196330
0.968969 5.992420 46.095000 -6.196330
0.969970 5.992420 46.095000 -6.196330
0.970971 5.992420 46.095000 -6.196330
0.971972 5.992420 46.095000 -6.196330
0.972973 5.992420 46.095000 -6.196330
0.973974 5.992420 46.095000 -6.196330
0.974975 5.992420 46.095000 -6.196330
0.975976 5.992420 46.095000 -6.196330
0.976977 5.992420 46.095000 -6.196330
0.977978 5.992420 46.095000 -6.196330
0.978979 5.992420 46.095000 -6.196330
0.979980 5.992420 46.095000 -6.196330
0.980981 5.992420 46.095000 -6.196330
0.981982 5.992420 46.095000 -6.196330
0.982983 5.992420 46.095000 -6.196330
0.983984 5.992420 46.095000 -6.196330
0.984985 5.992420 46.095000 -6.196330
0.985986 5.992420 46.095000 -6.196330
0.986987 5.992420 46.095000 -6.196330
0.987988 5.992420 46.095000 -6.196330
0.988989 5.992420 46.095000 -6.196330
0.989990 5.992420 46.095000 -6.196330
0.990991 5.992420 46.095000 -6.196330
0.991992 5.992420 46.095000 -6.196330
0.992993 5.992420 46.095000 -6.196330
0.993994 5.992420 46.095000 -6.196330
0.994995 5.992420 46.095000 -6.196330
0.995996 5.992420 46.095000 -6.196330
0.996997 5.992420 46.095000 -6.196330
0.997998 5.992420 46.095000 -6.196330
0.998999 5.992420 46.095000 -6.196330
1.000000 5.992420 46.095000 -6.196330
